run_name: ae_cluster_0_2025-11-20_21-32-25
best_val_mse: 0.06767749041318893
lr: 0.007599338223792307
seed: 42
epochs: 100
latent: 8
out_dir: ./checkpoints
val_split: 0.2
batch_size: 1024
cluster_id: 0
hidden_dim: 1024
num_layers: 1
weight_decay: 0
