run_name: ae_cluster_2_2025-11-20_22-24-47
best_val_mse: 0.1251615434885025
lr: 0.043401408988612285
seed: 42
epochs: 50
latent: 8
out_dir: ./checkpoints
val_split: 0.2
batch_size: 1024
cluster_id: 2
hidden_dim: 1024
num_layers: 1
weight_decay: 1e-05
